((("data" .
   [2 0 0 0])
  ("UserDict" .
   [0 0 0 0 1 0 0 0])
  ("location" .
   [0 0 0 0 0 0 0 1])
  ("occurrences" .
   [0 0 0 1 1 0 0 0 0 0 0])
  ("word" .
   [2 0 0 0])
  ("column_no" .
   [0 0 0 0 0 0 1 0 0])
  ("line_no" .
   [1 0 0 0 0 0 0])
  ("start" .
   [1 0 0 0 0])
  ("group" .
   [1 0 0 0 0])
  ("match" .
   [2 0 0 0 0])
  ("line" .
   [1 0 0 0])
  ("finditer" .
   [1 0 0 0 0 0 0 0])
  ("WORD_RE" .
   [0 0 0 1 1 0 0])
  ("encoding" .
   [1 0 0 0 0 0 0 0])
  ("memv_oct" .
   [0 0 0 0 0 2 0 0])
  ("cast" .
   [1 0 0 0])
  ("memv" .
   [2 0 0 0])
  ("numbers" .
   [0 0 1 0 0 0 0])
  ("floats2" .
   [2 0 0 0 0 0 0])
  ("fp" .
   [6 0])
  ("tofile" .
   [1 0 0 0 0 0])
  ("floats" .
   [5 0 0 0 0 0])
  ("SIZE" .
   [0 1 0 0])
  ("seed" .
   [1 0 0 0])
  ("grade" .
   [1 0 0 0 0])
  ("i" .
   [24])
  ("grades" .
   [1 0 0 0 0 0])
  ("score" .
   [2 1 0 0 0])
  ("breakpoints" .
   [1 0 0 0 0 0 0 0 0 0 0])
  ("demo" .
   [1 0 0 0])
  ("join" .
   [1 0 0 0])
  ("bisect_left" .
   [3 0 0 0 0 0 0 0 2 4 0])
  ("bisect" .
   [0 1 6 6 9 0])
  ("argv" .
   [2 0 0 0])
  ("position" .
   [1 0 0 0 0 0 0 0])
  ("needle" .
   [1 0 0 0 0 0])
  ("HAYSTACK" .
   [0 1 1 0 0 0 0 0])
  ("bisect_fn" .
   [4 0 0 0 0 0 0 1 0])
  ("NEEDLES" .
   [0 0 1 0 0 0 0])
  ("t" .
   [2])
  ("_fields" .
   [0 0 0 1 0 0 0])
  ("City" .
   [1 0 0 0])
  ("coordinates" .
   [1 0 0 0 0 0 0 0 0 0 0])
  ("population" .
   [0 0 0 0 1 0 0 0 0 0])
  ("tokyo" .
   [0 0 0 0 2])
  ("filename" .
   [0 0 0 0 0 0 1 0])
  ("split" .
   [1 0 0 0 0])
  ("namedtuple" .
   [0 0 0 0 0 1 0 0 0 0])
  ("clock" .
   [0 0 0 1 0])
  ("res" .
   [1 0 0])
  ("label" .
   [1 0 0 0 0])
  ("TIMES" .
   [0 0 1 0 0])
  ("number" .
   [0 0 0 1 0 0])
  ("SETUP" .
   [0 0 1 0 0])
  ("repeat" .
   [1 0 0 0 0 0])
  ("x" .
   [6])
  ("dummy" .
   [2 0 0 0 0])
  ("memoryview_" .
   [2 0 0 0 0 0 0 0 0 0 0])
  ("memoryview" .
   [0 0 0 2 0 1 0 0 0 0])
  ("bytearray_" .
   [0 0 0 1 1 0 0 0 0 0])
  ("__setitem__" .
   [1 0 0 0 1 0 1 1 0 1 0])
  ("__setattr__" .
   [0 0 0 0 0 1 0 0 0 0 0])
  ("list_" .
   [2 0 0 0 0])
  ("load_data" .
   [0 0 0 0 1 0 0 0 0])
  ("debug" .
   [1 0 0 0 0])
  ("run" .
   [1 0 0])
  ("__name__" .
   [0 0 0 0 0 0 4 0])
  ("application" .
   [2 0 0 0 0 0 2 1 0 0 0])
  ("Markup" .
   [0 1 0 0 1 0])
  ("escape" .
   [1 0 0 1 0 0])
  ("redirect" .
   [0 0 0 0 2 0 0 0])
  ("render_template" .
   [0 0 0 0 2 0 0 0 0 0 0 0 0 0 0])
  ("request" .
   [3 0 0 0 0 0 0])
  ("Flask" .
   [2 0 0 0 0])
  ("False" .
   [0 1 0 0 0])
  ("flask" .
   [1 0 0 0 0])
  ("get" .
   [5 0 0])
  ("shelve" .
   [0 0 0 1 0 0])
  ("通过shelve模块打开数据库文件" .
   [0 0 0 0 0 0 0 0 0 0 1 0 0 0 0 0 0])
  ("close" .
   [4 0 0 0 0])
  ("create_at" .
   [3 0 0 0 0 0 1 0 0])
  ("comment" .
   [4 0 0 0 0 0 0])
  ("insert" .
   [6 0 0 0 0 0])
  ("greeting_list" .
   [1 0 0 6 0 1 0 0 4 0 0 0 0])
  ("database" .
   [5 0 1 0 0 0 1 0])
  ("DATA_FILE" .
   [0 0 1 0 1 0 0 0 0])
  ("length" .
   [1 0 0 0 1 0])
  ("character" .
   [1 0 0 0 0 0 0 0 0])
  ("replace" .
   [2 0 0 0 0 0 0])
  ("the" .
   [4 0 0])
  ("alpha" .
   [3 0 0 0 0])
  ("first" .
   [4 0 0 0 0])
  ("d" .
   [1])
  ("sndx" .
   [8 0 0 0])
  ("fc" .
   [3 0])
  ("c" .
   [3])
  ("name" .
   [6 0 0 0])
  ("digits" .
   [2 1 0 0 0 0])
  ("soundex" .
   [5 0 0 0 0 0 0])
  ("path" .
   [1 1 0 0])
  ("import" .
   [0 0 0 0 1 0])
  ("pip" .
   [77 0 0])
  ("python" .
   [5 0 2 0 0 0])
  ("get-pip" .
   [7 0 0 0 0 0 0])
  ("from" .
   [13 0 0 0])
  ("install" .
   [29 0 1 2 1 1 0])
  ("user" .
   [1 0 0 0])
  ("proxy" .
   [1 0 0 0 0])
  ("local" .
   [3 0 0 0 0])
  ("and" .
   [11 0 0])
  ("version" .
   [4 0 0 0 0 0 0])
  ("SomePackage" .
   [0 0 1 12 7 1 0 0 0 0 0])
  ("PyPI" .
   [3 0 1 0])
  ("using" .
   [1 0 0 0 0])
  ("Install" .
   [7 0 0 0 0 0 0])
  ("Requirement" .
   [0 0 0 0 0 0 0 0 0 1 0])
  ("specific" .
   [2 0 0 1 0 0 0 0])
  ("already" .
   [1 0 0 0 0 0 0])
  ("installed" .
   [3 0 0 0 0 0 0 0 0])
  ("latest" .
   [3 0 0 0 0 0])
  ("project" .
   [3 0 0 0 0 0 0])
  ("editable" .
   [3 0 0 0 0 0 0 0])
  ("mode" .
   [1 0 0 0])
  ("git" .
   [6 0 0])
  ("repo/some_pkg" .
   [0 0 0 1 0 3 0 0 0 0 0 0 0])
  ("egg=SomePackage" .
   [0 0 0 0 3 0 0 0 0 0 0 0 0 0 0])
  ("git+https" .
   [0 0 0 0 0 0 0 0 3])
  ("//git" .
   [3 0 0 0 0])
  ("setuptools" .
   [1 0 0 0 0 0 0 0 0 0])
  ("PDF" .
   [4 0 0])
  ("==3" .
   [1 0 0])
  ("current" .
   [1 0 0 0 0 0 0])
  ("directory" .
   [2 0 0 0 0 0 0 0 0])
  ("extras" .
   [1 0 0 0 0 0])
  ("file" .
   [1 0 0 0])
  ("http" .
   [2 0 1 0])
  ("package" .
   [4 0 0 3 3 0 0])
  ("//my" .
   [2 0 0 0])
  ("index" .
   [7 0 0 0 0])
  ("--no-index" .
   [0 0 0 0 4 1 0 0 0 0])
  ("--find-links=/local/copies" .
   [0 0 0 0 0 0 0 0 0 1 0 0 0 0 0 0 0 0 0 0 0 0 0 0 0 0])
  ("--find-links=file" .
   [0 0 0 1 0 2 1 0 0 0 0 0 0 0 0 0 0])
  ("addition" .
   [1 0 0 0 0 0 0 0])
  ("versions" .
   [1 0 0 0 0 0 0 0])
  ("download" .
   [4 0 0 0 7 0 0 0])
  ("its" .
   [3 0 0])
  ("dependencies" .
   [5 0 0 0 0 0 0 0 0 0 0 0])
  ("all" .
   [7 0 0])
  ("with" .
   [5 0 0 0])
  ("--only-binary=" .
   [0 0 0 0 2 0 2 0 0 0 0 0 0 0])
  ("--platform" .
   [1 0 0 0 0 2 0 0 0 0])
  ("--python-version" .
   [0 0 0 0 2 0 0 0 1 0 0 0 0 0 0 0])
  ("--implementation" .
   [0 0 0 0 4 0 0 0 0 0 0 0 0 0 0 0])
  ("any" .
   [1 0 0])
  ("--abi" .
   [2 0 0 0 0])
  ("linux_x86_64" .
   [0 0 0 0 0 0 0 1 0 0 0 0])
  ("cp34m" .
   [1 0 0 0 0])
  ("uninstall" .
   [0 0 0 1 0 1 0 0 0])
  ("options" .
   [2 0 1 0 0 0 0])
  ("freeze" .
   [3 0 0 0 0 0])
  ("requirements" .
   [1 0 0 0 0 0 0 0 0 0 0 0])
  ("txt" .
   [1 0 0])
  ("list" .
   [16 0 0 0])
  ("packages" .
   [4 0 0 0 0 0 0 0])
  ("outdated" .
   [1 0 0 0 0 0 0 0])
  ("column" .
   [1 0 0 0 0 0])
  ("formatting" .
   [4 0 0 0 0 0 0 0 0 0])
  ("--format" .
   [2 0 0 0 0 0 0 0])
  ("columns" .
   [1 0 0 0 0 0 0])
  ("are" .
   [1 0 0])
  ("not" .
   [1 0 0])
  ("other" .
   [1 0 0 0 0])
  ("--outdated" .
   [1 0 0 0 0 0 0 0 0 0])
  ("use" .
   [2 0 0])
  ("show" .
   [4 0 0 0])
  ("information" .
   [1 0 0 0 0 0 0 0 0 0 0])
  ("about" .
   [1 0 0 0 0])
  ("sphinx" .
   [1 0 0 0 0 0])
  ("Search" .
   [0 0 0 1 0 1])
  ("search" .
   [1 0 0 0 0 0])
  ("check" .
   [1 0 0 0 0])
  ("config" .
   [5 0 0 0 0 0])
  ("<file-option>" .
   [0 0 1 2 0 0 0 0 0 0 1 0 0])
  ("wheel" .
   [2 0 0 0 0])
  ("--find-links=/tmp/wheelhouse" .
   [0 0 0 0 0 0 0 0 0 0 0 0 0 0 0 0 0 0 0 0 0 0 0 1 0 0 0 0])
  ("route" .
   [2 0 0 0 0])
  ("post" .
   [1 0 0 0])
  ("form" .
   [1 0 0 0])
  ("save_data" .
   [0 0 0 0 1 0 0 0 0])
  ("datetime" .
   [0 0 0 0 1 1 0 0])
  ("template_filter" .
   [0 0 0 2 0 0 0 0 0 0 0 0 0 0 0])
  ("s" .
   [1])
  ("collections" .
   [0 0 0 1 1 1 1 1 0 0 0])
  ("deque" .
   [1 0 0 0 0])
  ("array" .
   [0 1 1 3 0])
  ("bytesarray_" .
   [0 0 0 0 0 0 1 0 0 0 0])
  ("array_" .
   [4 0 0 0 0 0])
  ("__delitem__" .
   [0 0 0 0 0 0 4 0 0 0 0])
  ("l" .
   [5])
  ("a" .
   [4])
  ("b" .
   [6])
  ("board" .
   [1 0 0 0 0])
  ("append" .
   [2 0 0 0 0 0])
  ("row" .
   [2 0 0])
  ("board_1" .
   [1 0 0 0 0 0 0])
  ("__doc__" .
   [0 1 0 0 0 0 0])
  ("bisect_right" .
   [1 0 0 0 0 0 0 0 5 2 0 0])
  ("__init__" .
   [0 0 0 0 0 1 2 0])
  ("key" .
   [29 0 0])
  ("lambda" .
   [0 0 0 1 0 0])
  ("item" .
   [26 1 0 0])
  ("iterable" .
   [1 0 0 0 0 0 0 0])
  ("decorated" .
   [0 0 0 0 1 1 0 0 0])
  ("_key" .
   [11 0 1 0])
  ("_setkey" .
   [1 0 0 0 1 0 0])
  ("_getkey" .
   [1 0 0 0 0 0 0])
  ("_delkey" .
   [0 0 0 1 0 0 0])
  ("__class__" .
   [2 0 0 0 0 0 0 1 0])
  ("_items" .
   [15 0 0 0 0 0])
  ("__repr__" .
   [1 0 0 0 0 0 0 0])
  ("_given_key" .
   [1 0 0 1 0 0 1 0 0 0])
  ("__reduce__" .
   [1 0 0 0 0 0 0 0 0 0])
  ("_keys" .
   [17 0 0 0 0])
  ("k" .
   [19])
  ("j" .
   [4])
  ("__contains__" .
   [0 0 0 0 0 2 0 0 0 0 1 0])
  ("count" .
   [1 0 0 0 0])
  ("ValueError" .
   [0 0 0 0 0 1 1 0 0 0])
  ("found" .
   [4 0 0 0 0])
  ("find" .
   [1 0 0 0])
  ("Raise" .
   [1 0 0 0 0])
  ("equal" .
   [1 0 0 0 0])
  ("find_le" .
   [1 0 0 0 0 0 0])
  ("find_lt" .
   [1 0 0 0 0 0 0])
  ("isinstance" .
   [0 0 0 1 2 0 0 0 0 0])
  ("my_dict" .
   [0 0 0 1 0 0 0])
  ("Mapping" .
   [1 0 0 0 0 0 0])
  ("tt" .
   [1 0])
  ("tl" .
   [1 0])
  ("tf" .
   [1 0])
  ("defaultdict" .
   [0 0 0 0 2 0 0 0 0 0 0])
  ("compile" .
   [0 0 0 1 0 0 0])
  ("StrKeyDict0" .
   [0 0 0 1 0 0 0 0 0 0 0])
  ("__missing__" .
   [1 0 0 0 0 0 0 0 0 0 0])
  ("KeyError" .
   [0 0 1 2 0 0 0 0])
  ("except" .
   [0 0 0 1 0 0])
  ("default" .
   [1 0 0 0 0 0 0])
  ("keys" .
   [2 0 0 0])))
